[[ 1.58830421 -0.77465596  0.05945972 -1.74601583  0.04525661  1.38198664
  -1.65072788 -0.10498844 -0.49351867 -0.31390565]
 [-0.58271047  1.70973926  0.03119703 -0.89516304  1.01816113 -1.26137429
  -0.05282304 -2.13884468 -1.32462919  0.1995813 ]
 [ 0.93366449 -0.19085074 -0.23736221 -0.64636203 -0.90675874  0.34440471
  -0.73869775  0.64898938  0.40944763 -1.7848581 ]
 [ 1.8375203  -0.34912284 -0.28984167  0.25539444  1.94133704  3.1302471
  -3.59070269 -1.26696496  0.71285071  0.73623906]
 [-0.15205704 -0.03229546 -1.21536506 -1.10568309  1.22069882  1.68893344
  -0.81075637  0.67832012  0.44551308 -0.7051049 ]
 [ 0.3850749   1.40187405 -0.01163887  1.72148334 -2.40705401  0.82220754
  -0.19117055 -0.48909121  0.10079269 -1.98665716]
 [-1.49717225  1.3742887  -0.05753646 -0.12567898 -0.81741014 -2.46350493
   3.46318421  0.93814334 -0.90014192  0.62499582]
 [-0.17393692  1.27607539 -1.34201804 -0.41835135 -0.00201903 -1.57521925
   0.9529859   0.21856933 -0.08135197 -0.21875534]
 [-3.37245586  0.0628961  -1.04972615  0.37662613 -1.06792953 -3.33312354
   4.91133039  1.21852251 -0.27836354  0.15181209]
 [-2.15138491  0.01477428  0.03834032  2.75074598 -0.21185705 -0.225266
   0.14834735 -1.15805184  1.0668633   0.73899346]]